datetime,timing,temperature
2026-01-01 04:55,before,1.8
2026-01-01 12:55,working,1.8
2026-01-01 18:05,after,1.3
2026-01-02 04:55,before,1.3
2026-01-02 12:45,working,1.2
2026-01-02 18:05,after,1.3
2026-01-03 04:55,before,0.8
2026-01-03 12:45,working,1.4
2026-01-03 18:05,after,1.6
2026-01-04 04:55,before,0.9
2026-01-04 12:55,working,1.2
2026-01-04 18:05,after,1.5
2026-01-05 04:55,before,1.2
2026-01-05 13:05,working,2.0
2026-01-05 18:15,after,1.5
2026-01-06 04:55,before,1.4
2026-01-06 12:45,working,1.6
2026-01-06 18:15,after,2.0
2026-01-07 04:55,before,1.4
2026-01-07 12:45,working,1.9
2026-01-07 18:15,after,1.2
2026-01-08 04:55,before,1.5
2026-01-08 12:45,working,2.0
2026-01-08 18:15,after,2.0
2026-01-09 04:55,before,1.5
2026-01-09 12:45,working,0.9
2026-01-09 18:15,after,2.2
2026-01-10 04:55,before,1.3
2026-01-10 12:45,working,1.7
2026-01-10 18:05,after,1.8
2026-01-11 04:55,before,0.9
2026-01-11 12:55,working,1.5
2026-01-11 18:05,after,1.1
2026-01-12 04:55,before,1.3
2026-01-12 12:55,working,2.6
2026-01-12 18:15,after,1.9
2026-01-13 04:55,before,1.7
2026-01-13 12:45,working,0.7
2026-01-13 18:15,after,1.4
2026-01-14 04:55,before,1.2
2026-01-14 12:55,working,1.5
2026-01-14 18:15,after,1.2
2026-01-15 04:45,before,1.5
2026-01-15 12:45,working,1.1
2026-01-15 18:15,after,1.5
2026-01-16 04:55,before,1.4
2026-01-16 12:45,working,1.6
2026-01-16 18:15,after,1.3
2026-01-17 04:55,before,1.1
2026-01-17 12:45,working,0.8
2026-01-17 18:05,after,1.0
2026-01-18 04:55,before,1.3
2026-01-18 12:55,working,1.3
2026-01-18 18:05,after,1.4
2026-01-19 04:55,before,1.1
2026-01-19 12:55,working,2.0
2026-01-19 18:15,after,1.5
2026-01-20 04:55,before,1.7
2026-01-20 12:55,working,1.6
2026-01-20 18:15,after,2.4
2026-01-21 05:25,before,1.4
2026-01-21 12:55,working,0.9
2026-01-21 18:15,after,1.0
2026-01-22 05:05,before,1.6
2026-01-22 12:55,working,1.5
2026-01-22 18:15,after,0.7
2026-01-23 05:05,before,1.2
2026-01-23 12:55,working,1.6
2026-01-23 18:15,after,1.8
2026-01-24 04:55,before,1.4
2026-01-24 12:45,working,1.7
2026-01-24 18:05,after,0.6
2026-01-25 04:55,before,1.4
2026-01-25 12:55,working,1.5
2026-01-25 18:05,after,1.3
2026-01-26 04:55,before,0.9
2026-01-26 13:05,working,1.6
2026-01-26 18:15,after,1.3
2026-01-27 05:05,before,1.3
2026-01-27 12:55,working,1.5
2026-01-27 18:15,after,1.1
2026-01-28 04:55,before,1.0
2026-01-28 12:55,working,1.6
2026-01-28 18:15,after,0.9
2026-01-29 05:05,before,1.3
2026-01-29 13:15,working,2.5
2026-01-29 18:25,after,1.0
2026-01-30 05:05,before,1.3
2026-01-30 13:15,working,1.5
2026-01-30 18:25,after,1.2
2026-01-31 05:05,before,0.5
2026-01-31 13:15,working,0.4
2026-01-31 18:15,after,1.5
